"chr" "start" "end" "mid_point" "nb_snp" "PC1" "PC2"
"1" "CHR1" 1 200000 100000.5 1 NA NA
"2" "CHR1" 100001 300000 200000.5 3 NA NA
"3" "CHR1" 200001 400000 300000.5 4 NA NA
"4" "CHR1" 300001 500000 400000.5 6 NA NA
"5" "CHR1" 400001 600000 500000.5 10 13.3829224440945 12.1302162106281
"6" "CHR1" 500001 700000 600000.5 14 16.0331747458252 11.9474052818083
"7" "CHR1" 600001 800000 700000.5 15 18.1932288093147 12.5128643159111
"8" "CHR1" 700001 900000 800000.5 16 13.3309556894158 11.8310050472726
"9" "CHR1" 800001 1000000 900000.5 20 12.4552402644512 10.2843508086154
"10" "CHR1" 900001 1100000 1000000.5 21 14.3765439947557 9.9633652103724
"11" "CHR1" 1000001 1200000 1100000.5 18 11.6258722773293 10.1337518318242
"12" "CHR1" 1100001 1300000 1200000.5 22 8.95931527672254 8.47178879312334
"13" "CHR1" 1200001 1400000 1300000.5 26 10.2878951119196 7.77412947656928
"14" "CHR1" 1300001 1500000 1400000.5 24 10.0170656202385 8.05783795930561
"15" "CHR1" 1400001 1600000 1500000.5 23 9.95910898380253 8.18369557605367
"16" "CHR1" 1500001 1700000 1600000.5 25 10.0843603825622 8.85012565205036
"17" "CHR1" 1600001 1800000 1700000.5 28 9.42565567546415 8.59020966856867
"18" "CHR1" 1700001 1900000 1800000.5 27 9.29379876552515 7.94241814297136
"19" "CHR1" 1800001 2000000 1900000.5 23 9.50874269563391 8.32562188238764
"20" "CHR1" 1900001 2100000 2000000.5 19 9.78470547281306 7.87821189970666
"21" "CHR1" 2000001 2200000 2100000.5 21 10.073991032839 9.07702355399253
"22" "CHR1" 2100001 2300000 2200000.5 22 10.3325167190241 8.89962961142286
"23" "CHR1" 2200001 2400000 2300000.5 21 9.84418870311356 9.20490620243571
"24" "CHR1" 2300001 2500000 2400000.5 20 9.9783786267874 9.13864266585759
"25" "CHR1" 2400001 2600000 2500000.5 22 10.3703814912135 8.37589174930732
"26" "CHR1" 2500001 2700000 2600000.5 27 9.0642342111395 7.72260432525215
"27" "CHR1" 2600001 2800000 2700000.5 23 9.00802883127132 8.10142645703241
"28" "CHR1" 2700001 2900000 2800000.5 21 10.1932525209558 8.60198055181145
"29" "CHR1" 2800001 3000000 2900000.5 23 10.8919075159159 9.2009254960399
"30" "CHR1" 2900001 3100000 3000000.5 23 8.81012008640238 8.62419164100177
"31" "CHR1" 3000001 3200000 3100000.5 24 9.5670838612159 7.42722842869739
"32" "CHR1" 3100001 3300000 3200000.5 24 9.32567161471354 8.71405676492265
"33" "CHR1" 3200001 3400000 3300000.5 22 12.1211363617989 9.36315040078312
"34" "CHR1" 3300001 3500000 3400000.5 21 10.8285982235284 9.59224765127425
"35" "CHR1" 3400001 3600000 3500000.5 22 11.0376956015402 9.97260224372591
"36" "CHR1" 3500001 3700000 3600000.5 21 11.1562054525718 10.8355437878673
"37" "CHR1" 3600001 3800000 3700000.5 21 9.38232566714512 8.6661149005605
"38" "CHR1" 3700001 3900000 3800000.5 23 10.5770552149011 9.51207723400714
"39" "CHR1" 3800001 4000000 3900000.5 23 9.65884463100687 8.22413102848456
"40" "CHR1" 3900001 4100000 4000000.5 21 9.26326520879042 8.86968859973931
"41" "CHR1" 4000001 4200000 4100000.5 19 10.966689428082 9.62378372187979
"42" "CHR1" 4100001 4300000 4200000.5 18 12.0975023142245 9.5416498688702
"43" "CHR1" 4200001 4400000 4300000.5 19 9.87621777045925 8.91841336837941
"44" "CHR1" 4300001 4500000 4400000.5 19 10.559860539182 9.84959323052942
"45" "CHR1" 4400001 4600000 4500000.5 16 11.2036075605806 10.8522324903097
"46" "CHR1" 4500001 4700000 4600000.5 12 16.6739198805115 13.3177799763911
"47" "CHR1" 4600001 4800000 4700000.5 19 12.8520042311396 11.0054896081986
"48" "CHR1" 4700001 4900000 4800000.5 23 10.4521320717078 8.6049267751764
"49" "CHR1" 4800001 5000000 4900000.5 22 9.89920379981156 8.9121336989486
"50" "CHR1" 4900001 5100000 5000000.5 25 10.3404560363378 8.73658611020048
"51" "CHR1" 5000001 5200000 5100000.5 21 12.5610829419532 10.4461658738965
"52" "CHR1" 5100001 5300000 5200000.5 17 14.0898998611469 12.7059726201184
"53" "CHR1" 5200001 5400000 5300000.5 18 12.3627558692345 10.0030505564347
"54" "CHR1" 5300001 5500000 5400000.5 19 13.9936423932547 12.053613009316
"55" "CHR1" 5400001 5600000 5500000.5 17 12.3061485153855 11.9311956106616
"56" "CHR1" 5500001 5700000 5600000.5 14 12.8491355119654 10.2787712584947
"57" "CHR1" 5600001 5800000 5700000.5 6 NA NA
"58" "CHR1" 5700001 5900000 5800000.5 6 NA NA
"59" "CHR1" 5800001 6000000 5900000.5 14 12.687144323286 10.063425672355
"60" "CHR1" 5900001 6100000 6000000.5 14 35.5161841817641 12.6145150277066
"61" "CHR1" 6000001 6200000 6100000.5 9 NA NA
"62" "CHR1" 6100001 6300000 6200000.5 9 NA NA
"63" "CHR1" 6200001 6400000 6300000.5 11 31.6087659626451 16.9066562478818
"64" "CHR1" 6300001 6500000 6400000.5 10 27.0516056012279 13.8997412366835
"65" "CHR1" 6400001 6600000 6500000.5 10 17.7659132551078 14.2104813681939
"66" "CHR1" 6500001 6700000 6600000.5 8 NA NA
"67" "CHR1" 6600001 6800000 6700000.5 6 NA NA
"68" "CHR1" 6700001 6900000 6800000.5 14 20.6271167630306 15.806177932253
"69" "CHR1" 6800001 7000000 6900000.5 12 23.1156491001201 15.74596008331
"70" "CHR1" 6900001 7100000 7000000.5 3 NA NA
"71" "CHR1" 7000001 7200000 7100000.5 8 NA NA
"72" "CHR1" 7100001 7300000 7200000.5 11 32.3968676290465 20.0763587270037
"73" "CHR1" 7200001 7400000 7300000.5 11 46.9448947405723 16.9066897286629
"74" "CHR1" 7300001 7500000 7400000.5 11 25.3403788949555 20.5705008165728
"75" "CHR1" 7400001 7600000 7500000.5 9 NA NA
"76" "CHR1" 7500001 7700000 7600000.5 12 22.1193822529139 11.7384594137903
"77" "CHR1" 7600001 7800000 7700000.5 15 22.9509571416605 9.95769841022985
"78" "CHR1" 7700001 7900000 7800000.5 20 16.339091074752 10.6688420709891
"79" "CHR1" 7800001 8000000 7900000.5 27 11.5232519527771 10.1641502717317
"80" "CHR1" 7900001 8100000 8000000.5 26 19.0248419838141 9.98933126615089
"81" "CHR1" 8000001 8200000 8100000.5 20 26.258399247149 11.1303968448347
"82" "CHR1" 8100001 8300000 8200000.5 21 18.3703754365193 12.0746290038856
"83" "CHR1" 8200001 8400000 8300000.5 21 13.8758437593693 9.19361082938376
"84" "CHR1" 8300001 8500000 8400000.5 8 NA NA
"85" "CHR1" 8400001 8600000 8500000.5 4 NA NA
"86" "CHR1" 8500001 8700000 8600000.5 13 12.8429900144089 11.6009519360258
"87" "CHR1" 8600001 8800000 8700000.5 12 14.7126978765797 11.420350285415
"88" "CHR1" 8700001 8900000 8800000.5 14 19.2590441459747 11.228263613031
"89" "CHR1" 8800001 9000000 8900000.5 24 13.8296411696226 8.48317944153401
"90" "CHR1" 8900001 9100000 9000000.5 24 9.64710001720629 8.79844420261079
"91" "CHR1" 9000001 9200000 9100000.5 17 10.5304234717458 9.79484860048882
"92" "CHR1" 9100001 9300000 9200000.5 7 NA NA
"93" "CHR1" 9200001 9400000 9300000.5 6 NA NA
"94" "CHR1" 9300001 9500000 9400000.5 18 14.9544092365342 10.732799414096
"95" "CHR1" 9400001 9600000 9500000.5 26 9.49214622255893 7.50691605293308
"96" "CHR1" 9500001 9700000 9600000.5 28 18.9077246245847 6.90609189270578
"97" "CHR1" 9600001 9800000 9700000.5 29 29.0249141565076 6.21365507509937
"98" "CHR1" 9700001 9900000 9800000.5 26 23.2994357052103 7.35538528087686
"99" "CHR1" 9800001 10000000 9900000.5 13 26.3306937320646 13.3121584712439
"100" "CHR1" 9900001 10100000 10000000.5 11 16.9999842139052 14.3225024627585
"101" "CHR1" 10000001 10200000 10100000.5 20 12.7935848365954 9.62859147402823
"102" "CHR1" 10100001 10300000 10200000.5 19 10.9231758067983 10.2994858333466
"103" "CHR1" 10200001 10400000 10300000.5 20 13.0180699262012 10.9103890617955
"104" "CHR1" 10300001 10500000 10400000.5 24 19.154377640401 9.65952610808552
"105" "CHR1" 10400001 10600000 10500000.5 25 24.6787872738715 7.9775923161914
"106" "CHR1" 10500001 10700000 10600000.5 16 20.7563017108683 11.1997775949118
"107" "CHR1" 10600001 10800000 10700000.5 6 NA NA
"108" "CHR1" 10700001 10900000 10800000.5 11 38.2259535333772 11.237516492322
"109" "CHR1" 10800001 11000000 10900000.5 15 46.2102700602149 8.83222116096271
"110" "CHR1" 10900001 11100000 11000000.5 11 22.2004321713687 17.9741060819343
"111" "CHR1" 11000001 11200000 11100000.5 19 13.9931727059473 11.651791990905
"112" "CHR1" 11100001 11300000 11200000.5 26 12.2793026704352 7.8445492458575
"113" "CHR1" 11200001 11400000 11300000.5 25 9.80723075912316 8.49399829962452
"114" "CHR1" 11300001 11500000 11400000.5 24 17.9704805818137 8.90120236951224
"115" "CHR1" 11400001 11600000 11500000.5 24 18.9508615018313 8.49286373008333
"116" "CHR1" 11500001 11700000 11600000.5 14 14.9223519623011 13.9477531330117
"117" "CHR1" 11600001 11800000 11700000.5 4 NA NA
"118" "CHR1" 11700001 11900000 11800000.5 8 NA NA
"119" "CHR1" 11800001 12000000 11900000.5 15 14.5979352659496 11.1602335173908
"120" "CHR1" 11900001 12100000 12000000.5 13 15.9493278192197 12.803943039026
"121" "CHR1" 12000001 12200000 12100000.5 16 16.3004474360485 10.3882673857551
"122" "CHR1" 12100001 12300000 12200000.5 20 11.9581003462386 9.76078821527558
"123" "CHR1" 12200001 12400000 12300000.5 14 16.3244096975854 13.1180778061265
"124" "CHR1" 12300001 12500000 12400000.5 9 NA NA
"125" "CHR1" 12400001 12600000 12500000.5 3 NA NA
"126" "CHR1" 12500001 12700000 12600000.5 2 NA NA
"127" "CHR1" 12600001 12800000 12700000.5 1 NA NA
"128" "CHR1" 12700001 12900000 12800000.5 0 NA NA
"129" "CHR1" 12800001 13000000 12900000.5 0 NA NA
"130" "CHR1" 12900001 13100000 13000000.5 0 NA NA
"131" "CHR1" 13000001 13200000 13100000.5 0 NA NA
"132" "CHR1" 13100001 13300000 13200000.5 0 NA NA
"133" "CHR1" 13200001 13400000 13300000.5 12 25.2244089701773 13.314882801917
"134" "CHR1" 13300001 13500000 13400000.5 24 21.0105637237392 12.6774211594338
"135" "CHR1" 13400001 13600000 13500000.5 28 16.5641033940915 9.77249551294331
"136" "CHR1" 13500001 13700000 13600000.5 25 25.6446002277693 7.8559420118684
"137" "CHR1" 13600001 13800000 13700000.5 9 NA NA
"138" "CHR1" 13700001 13900000 13800000.5 10 27.0249226153709 17.3283896020265
"139" "CHR1" 13800001 14000000 13900000.5 21 24.1803003231203 10.5708576339983
"140" "CHR1" 13900001 14100000 14000000.5 21 32.2561097060252 7.06204170394366
"141" "CHR1" 14000001 14200000 14100000.5 16 42.4459880197033 7.62330539242162
"142" "CHR1" 14100001 14300000 14200000.5 8 NA NA
"143" "CHR1" 14200001 14400000 14300000.5 10 14.8045290781982 12.7086172429699
"144" "CHR1" 14300001 14500000 14400000.5 20 11.7931695670237 11.0630162650178
"145" "CHR1" 14400001 14600000 14500000.5 21 13.1403502600039 10.0471939525151
"146" "CHR1" 14500001 14700000 14600000.5 21 19.9655920785515 14.0013126895193
"147" "CHR1" 14600001 14800000 14700000.5 22 17.1607362573212 10.4169387040903
"148" "CHR1" 14700001 14900000 14800000.5 13 16.2269639773181 14.6227134969838
"149" "CHR1" 14800001 15000000 14900000.5 4 NA NA
"150" "CHR1" 14900001 15100000 15000000.5 13 30.9700600160463 11.8351726525234
"151" "CHR1" 15000001 15200000 15100000.5 12 26.0286186552046 12.675985577049
"152" "CHR1" 15100001 15300000 15200000.5 0 NA NA
"153" "CHR1" 15200001 15400000 15300000.5 4 NA NA
"154" "CHR1" 15300001 15500000 15400000.5 4 NA NA
"155" "CHR1" 15400001 15600000 15500000.5 7 NA NA
"156" "CHR1" 15500001 15700000 15600000.5 17 23.5937476730844 14.6046105017434
"157" "CHR1" 15600001 15800000 15700000.5 16 12.8684751020628 10.5684498230003
"158" "CHR1" 15700001 15900000 15800000.5 12 18.3621139467147 12.8776014524994
"159" "CHR1" 15800001 16000000 15900000.5 16 12.0478790759006 10.0961369831154
"160" "CHR1" 15900001 16100000 16000000.5 22 10.4578539319086 7.98863360964092
"161" "CHR1" 16000001 16200000 16100000.5 26 17.4753386266986 11.2243103533693
"162" "CHR1" 16100001 16300000 16200000.5 26 20.3031224993925 10.9911945936928
"163" "CHR1" 16200001 16400000 16300000.5 12 15.6372302848016 13.7741200158201
"164" "CHR1" 16300001 16500000 16400000.5 0 NA NA
"165" "CHR1" 16400001 16600000 16500000.5 0 NA NA
"166" "CHR1" 16500001 16700000 16600000.5 1 NA NA
"167" "CHR1" 16600001 16800000 16700000.5 2 NA NA
"168" "CHR1" 16700001 16900000 16800000.5 2 NA NA
"169" "CHR1" 16800001 17000000 16900000.5 2 NA NA
"170" "CHR1" 16900001 17100000 17000000.5 2 NA NA
"171" "CHR1" 17000001 17200000 17100000.5 1 NA NA
"172" "CHR1" 17100001 17300000 17200000.5 1 NA NA
"173" "CHR1" 17200001 17400000 17300000.5 2 NA NA
"174" "CHR1" 17300001 17500000 17400000.5 3 NA NA
"175" "CHR1" 17400001 17600000 17500000.5 4 NA NA
"176" "CHR1" 17500001 17700000 17600000.5 4 NA NA
"177" "CHR1" 17600001 17800000 17700000.5 2 NA NA
"178" "CHR1" 17700001 17900000 17800000.5 3 NA NA
"179" "CHR1" 17800001 18000000 17900000.5 3 NA NA
"180" "CHR1" 17900001 18100000 18000000.5 1 NA NA
"181" "CHR1" 18000001 18200000 18100000.5 10 24.3862766109184 16.3527575347075
"182" "CHR1" 18100001 18300000 18200000.5 17 22.1929419124723 11.6070495611272
"183" "CHR1" 18200001 18400000 18300000.5 9 NA NA
"184" "CHR1" 18300001 18500000 18400000.5 12 22.2460583474226 16.9575025373155
"185" "CHR1" 18400001 18600000 18500000.5 14 15.0403913726522 13.4452591771815
"186" "CHR1" 18500001 18700000 18600000.5 3 NA NA
"187" "CHR1" 18600001 18800000 18700000.5 8 NA NA
"188" "CHR1" 18700001 18900000 18800000.5 21 23.5741918642952 10.6165116287637
"189" "CHR1" 18800001 19000000 18900000.5 24 18.6625868705496 9.17838817282387
"190" "CHR1" 18900001 19100000 19000000.5 21 10.9847070196882 10.4927882224197
"191" "CHR1" 19000001 19200000 19100000.5 14 13.3131744704324 11.4042415546768
"192" "CHR1" 19100001 19300000 19200000.5 16 13.500963328432 9.79405528549126
"193" "CHR1" 19200001 19400000 19300000.5 22 12.1069775164298 9.22637131257135
"194" "CHR1" 19300001 19500000 19400000.5 17 11.492148504507 8.61160532753265
"195" "CHR1" 19400001 19600000 19500000.5 11 17.6025062632383 14.4260705395166
"196" "CHR1" 19500001 19700000 19600000.5 9 NA NA
"197" "CHR1" 19600001 19800000 19700000.5 7 NA NA
"198" "CHR1" 19700001 19900000 19800000.5 2 NA NA
"199" "CHR1" 19800001 20000000 19900000.5 5 NA NA
"200" "CHR1" 19900001 20100000 20000000.5 15 15.9582844869926 11.203663591751
"201" "CHR1" 20000001 20200000 20100000.5 17 34.4161974273511 9.82919017423133
"202" "CHR1" 20100001 20300000 20200000.5 18 28.2290516333781 8.98075325661175
"203" "CHR1" 20200001 20400000 20300000.5 14 17.6745459590315 11.319586673871
"204" "CHR1" 20300001 20500000 20400000.5 9 NA NA
"205" "CHR1" 20400001 20600000 20500000.5 12 16.0670109119222 13.4539946898972
"206" "CHR1" 20500001 20700000 20600000.5 14 14.5801352145561 13.5459613410092
"207" "CHR1" 20600001 20800000 20700000.5 12 16.0499941859261 13.9751210777044
"208" "CHR1" 20700001 20900000 20800000.5 13 28.5895694357687 13.2351661880678
"209" "CHR1" 20800001 21000000 20900000.5 16 18.5443544448104 12.9319638527871
"210" "CHR1" 20900001 21100000 21000000.5 7 NA NA
"211" "CHR1" 21000001 21200000 21100000.5 5 NA NA
"212" "CHR1" 21100001 21300000 21200000.5 12 19.3430649813419 11.3045805923943
"213" "CHR1" 21200001 21400000 21300000.5 18 29.5278653730254 9.30525968102525
"214" "CHR1" 21300001 21500000 21400000.5 20 18.6702410619529 9.30889568887972
"215" "CHR1" 21400001 21600000 21500000.5 20 17.332636581182 12.2063534157741
"216" "CHR1" 21500001 21700000 21600000.5 21 23.828116224476 12.9772706138828
"217" "CHR1" 21600001 21800000 21700000.5 11 23.9000015499902 16.6138326861826
"218" "CHR1" 21700001 21900000 21800000.5 7 NA NA
"219" "CHR1" 21800001 22000000 21900000.5 19 18.0402248904212 9.77279476820664
"220" "CHR1" 21900001 22100000 22000000.5 24 17.743819580923 7.90309694972453
"221" "CHR1" 22000001 22200000 22100000.5 24 14.5633030947518 8.88173014651086
"222" "CHR1" 22100001 22300000 22200000.5 19 10.4574604391974 9.75660882650489
"223" "CHR1" 22200001 22400000 22300000.5 7 NA NA
"224" "CHR1" 22300001 22500000 22400000.5 8 NA NA
"225" "CHR1" 22400001 22600000 22500000.5 18 10.6276200478947 8.41241714170891
"226" "CHR1" 22500001 22700000 22600000.5 22 10.3861630227208 8.51819166123226
"227" "CHR1" 22600001 22800000 22700000.5 24 8.26456120868783 7.77430932163126
"228" "CHR1" 22700001 22900000 22800000.5 21 10.32510945765 9.1928412115664
"229" "CHR1" 22800001 23000000 22900000.5 8 NA NA
"230" "CHR1" 22900001 23100000 23000000.5 6 NA NA
"231" "CHR1" 23000001 23200000 23100000.5 17 12.0259587678594 9.50076328365769
"232" "CHR1" 23100001 23300000 23200000.5 25 15.9994028556414 8.02585054117934
"233" "CHR1" 23200001 23400000 23300000.5 25 14.2596093328092 7.57253425237043
"234" "CHR1" 23300001 23500000 23400000.5 22 14.2613720513363 8.38930349714648
"235" "CHR1" 23400001 23600000 23500000.5 22 16.3216358214226 7.88441725092523
"236" "CHR1" 23500001 23700000 23600000.5 23 17.1109747506651 9.49891608549085
"237" "CHR1" 23600001 23800000 23700000.5 22 12.4357251678414 11.8059992129213
"238" "CHR1" 23700001 23900000 23800000.5 10 18.1796669101534 17.4573207718634
"239" "CHR1" 23800001 24000000 23900000.5 0 NA NA
"240" "CHR1" 23900001 24100000 24000000.5 0 NA NA
"241" "CHR1" 24000001 24200000 24100000.5 0 NA NA
"242" "CHR1" 24100001 24300000 24200000.5 0 NA NA
"243" "CHR1" 24200001 24400000 24300000.5 0 NA NA
"244" "CHR1" 24300001 24500000 24400000.5 0 NA NA
"245" "CHR1" 24400001 24600000 24500000.5 1 NA NA
"246" "CHR1" 24500001 24700000 24600000.5 7 NA NA
"247" "CHR1" 24600001 24800000 24700000.5 12 23.9582597720279 10.6190787713723
"248" "CHR1" 24700001 24900000 24800000.5 14 17.1446648595642 11.910848973441
"249" "CHR1" 24800001 25000000 24900000.5 16 16.0657982777688 13.6291827308635
"250" "CHR1" 24900001 25100000 25000000.5 19 14.9120487344922 12.3002653464419
"251" "CHR1" 25000001 25200000 25100000.5 26 10.58203840759 8.04965716148505
"252" "CHR1" 25100001 25300000 25200000.5 26 12.641283934824 9.75736863589018
"253" "CHR1" 25200001 25400000 25300000.5 18 15.1718728902152 11.7091961287815
"254" "CHR1" 25300001 25500000 25400000.5 15 20.5832032777715 12.16924532791
"255" "CHR1" 25400001 25600000 25500000.5 18 18.8232660174014 14.0021753260771
"256" "CHR1" 25500001 25700000 25600000.5 20 22.1375838326767 12.546035089155
"257" "CHR1" 25600001 25800000 25700000.5 16 19.0695943157421 12.101475839412
"258" "CHR1" 25700001 25900000 25800000.5 14 18.9787719337571 13.6766607643781
"259" "CHR1" 25800001 26000000 25900000.5 14 20.5352012207376 16.7897177134684
"260" "CHR1" 25900001 26100000 26000000.5 8 NA NA
"261" "CHR1" 26000001 26200000 26100000.5 3 NA NA
"262" "CHR1" 26100001 26300000 26200000.5 1 NA NA
"263" "CHR1" 26200001 26400000 26300000.5 2 NA NA
"264" "CHR1" 26300001 26500000 26400000.5 8 NA NA
"265" "CHR1" 26400001 26600000 26500000.5 9 NA NA
"266" "CHR1" 26500001 26700000 26600000.5 5 NA NA
"267" "CHR1" 26600001 26800000 26700000.5 4 NA NA
"268" "CHR1" 26700001 26900000 26800000.5 10 17.63627675131 13.4420672359775
"269" "CHR1" 26800001 27000000 26900000.5 15 14.3112190063569 10.8461318301784
"270" "CHR1" 26900001 27100000 27000000.5 18 10.6375097191976 9.85554072075205
"271" "CHR1" 27000001 27200000 27100000.5 19 12.2776102122659 9.53958815086584
"272" "CHR1" 27100001 27300000 27200000.5 16 15.2376604281663 9.9124633574802
"273" "CHR1" 27200001 27400000 27300000.5 14 12.8802557930829 11.6251835660618
"274" "CHR1" 27300001 27500000 27400000.5 14 12.9201361513646 12.4112622658512
"275" "CHR1" 27400001 27600000 27500000.5 12 12.8369713122312 12.4262078197398
"276" "CHR1" 27500001 27700000 27600000.5 11 16.2239985896984 14.1811659907986
"277" "CHR1" 27600001 27800000 27700000.5 14 11.9789406679617 10.3972201948892
"278" "CHR1" 27700001 27900000 27800000.5 14 13.3762613486382 11.7966489099479
"279" "CHR1" 27800001 28000000 27900000.5 12 21.5085005880872 12.5354224371989
"280" "CHR1" 27900001 28100000 28000000.5 11 17.2071223658756 14.6867172051048
"281" "CHR1" 28000001 28200000 28100000.5 18 13.4594341240457 8.46259500715973
"282" "CHR1" 28100001 28300000 28200000.5 21 8.57034143906318 7.61522762989925
"283" "CHR1" 28200001 28400000 28300000.5 18 11.118495451804 9.28705038755296
"284" "CHR1" 28300001 28500000 28400000.5 19 11.8073582494824 10.2349456426868
"285" "CHR1" 28400001 28600000 28500000.5 19 14.7607616277784 10.725872446916
"286" "CHR1" 28500001 28700000 28600000.5 19 14.1740606267631 8.62286336599659
"287" "CHR1" 28600001 28800000 28700000.5 20 12.0725180877058 10.5136534176936
"288" "CHR1" 28700001 28900000 28800000.5 19 11.0098175351589 10.05241087744
"289" "CHR1" 28800001 29000000 28900000.5 16 14.6121805052932 10.0928393102972
"290" "CHR1" 28900001 29100000 29000000.5 15 17.457344004452 10.3273180491051
"291" "CHR1" 29000001 29200000 29100000.5 18 18.5104466192705 12.1145397072927
"292" "CHR1" 29100001 29300000 29200000.5 18 13.3625811188726 10.2676108580368
"293" "CHR1" 29200001 29400000 29300000.5 12 12.7605741738692 10.5023258781912
"294" "CHR1" 29300001 29500000 29400000.5 7 NA NA
"295" "CHR1" 29400001 29600000 29500000.5 12 13.2155243774551 11.2377860281771
"296" "CHR1" 29500001 29700000 29600000.5 17 11.1330297427714 9.81895877127113
"297" "CHR1" 29600001 29800000 29700000.5 20 10.8298819943203 9.09992533873602
"298" "CHR1" 29700001 29900000 29800000.5 21 10.1144297908441 9.12560976052902
"299" "CHR1" 29800001 30000000 29900000.5 17 11.5421150881385 9.29251635833654
"300" "CHR1" 29900001 30100000 30000000.5 16 10.0780550294898 9.50964587920912
"301" "CHR1" 30000001 30200000 30100000.5 17 11.4617548335457 9.41971982069694
"302" "CHR1" 30100001 30300000 30200000.5 17 12.0238182687587 9.91226898222951
"303" "CHR1" 30200001 30400000 30300000.5 21 12.0908213754914 9.67496195309785
"304" "CHR1" 30300001 30500000 30400000.5 22 11.8734361364585 9.93587733959639
"305" "CHR1" 30400001 30600000 30500000.5 21 9.87850856096769 9.11048310754699
"306" "CHR1" 30500001 30700000 30600000.5 23 11.0067268705499 7.97155643350847
"307" "CHR1" 30600001 30800000 30700000.5 24 9.8198102443412 8.50456852112702
"308" "CHR1" 30700001 30900000 30800000.5 18 10.5741773626923 8.56105553638356
"309" "CHR1" 30800001 31000000 30900000.5 15 11.2195079918608 9.78819859719343
"310" "CHR1" 30900001 31100000 31000000.5 20 9.0081060107895 8.63442294290622
"311" "CHR1" 31000001 31200000 31100000.5 20 8.37217306361772 7.93199093123578
"312" "CHR1" 31100001 31300000 31200000.5 23 9.30101601076647 7.99405756732285
"313" "CHR1" 31200001 31400000 31300000.5 23 10.2568919872915 8.10669207246277
"314" "CHR1" 31300001 31500000 31400000.5 24 10.0860621473398 8.57523928508512
"315" "CHR1" 31400001 31600000 31500000.5 24 10.5990867139971 7.44446867409935
"316" "CHR1" 31500001 31700000 31600000.5 22 9.80119182317723 8.97461620139066
"317" "CHR1" 31600001 31800000 31700000.5 23 8.46821817481124 8.14988852209555
"318" "CHR1" 31700001 31900000 31800000.5 22 9.59278289348595 8.93938298722595
"319" "CHR1" 31800001 32000000 31900000.5 24 12.0679475887268 8.99726769790777
"320" "CHR1" 31900001 32100000 32000000.5 23 12.4869622789256 8.97083908268028
"321" "CHR1" 32000001 32200000 32100000.5 20 11.0752545858153 8.1796891374296
"322" "CHR1" 32100001 32300000 32200000.5 17 11.3694848996866 11.1458752299502
"323" "CHR1" 32200001 32400000 32300000.5 13 16.361585318003 14.8197501825698
"324" "CHR1" 32300001 32500000 32400000.5 11 16.7814224306204 11.5976437508001
"325" "CHR1" 32400001 32600000 32500000.5 8 NA NA
"326" "CHR1" 32500001 32700000 32600000.5 4 NA NA
"327" "CHR1" 32600001 32800000 32700000.5 4 NA NA
"328" "CHR1" 32700001 32837379 32768690 4 NA NA
