"chr" "start" "end" "mid_point" "nb_snp" "polygyne_monogyne"
"1" "CHR1" 1 500000 250000.5 9 NA
"2" "CHR1" 200001 700000 450000.5 22 0
"3" "CHR1" 400001 900000 650000.5 34 0
"4" "CHR1" 600001 1100000 850000.5 45 0
"5" "CHR1" 800001 1300000 1050000.5 52 0.0153008957621354
"6" "CHR1" 1000001 1500000 1250000.5 56 0.0059802978569585
"7" "CHR1" 1200001 1700000 1450000.5 63 0.00385475277039715
"8" "CHR1" 1400001 1900000 1650000.5 64 0
"9" "CHR1" 1600001 2100000 1850000.5 60 0
"10" "CHR1" 1800001 2300000 2050000.5 54 0.00579995977440627
"11" "CHR1" 2000001 2500000 2250000.5 51 0.00444913037884328
"12" "CHR1" 2200001 2700000 2450000.5 57 0.00569974191876413
"13" "CHR1" 2400001 2900000 2650000.5 57 0
"14" "CHR1" 2600001 3100000 2850000.5 58 0.00179732244545965
"15" "CHR1" 2800001 3300000 3050000.5 59 0.00374452873208827
"16" "CHR1" 3000001 3500000 3250000.5 57 0.00764214648832789
"17" "CHR1" 3200001 3700000 3450000.5 54 0.0339512525761939
"18" "CHR1" 3400001 3900000 3650000.5 55 0.0177924413775899
"19" "CHR1" 3600001 4100000 3850000.5 54 0.0208045844996536
"20" "CHR1" 3800001 4300000 4050000.5 51 0.0159304290835547
"21" "CHR1" 4000001 4500000 4250000.5 47 0
"22" "CHR1" 4200001 4700000 4450000.5 40 0
"23" "CHR1" 4400001 4900000 4650000.5 44 0.00613484084554948
"24" "CHR1" 4600001 5100000 4850000.5 53 0.00893784351881094
"25" "CHR1" 4800001 5300000 5050000.5 51 0.0199422303147653
"26" "CHR1" 5000001 5500000 5250000.5 48 0.0144374436501944
"27" "CHR1" 5200001 5700000 5450000.5 41 0.00270378191094923
"28" "CHR1" 5400001 5900000 5650000.5 29 0
"29" "CHR1" 5600001 6100000 5850000.5 26 0.292542555968542
"30" "CHR1" 5800001 6300000 6050000.5 29 0.434007055865981
"31" "CHR1" 6000001 6500000 6250000.5 25 0.440020711763646
"32" "CHR1" 6200001 6700000 6450000.5 24 0.408905798937752
"33" "CHR1" 6400001 6900000 6650000.5 27 0.254229219777799
"34" "CHR1" 6600001 7100000 6850000.5 20 0.183142596403742
"35" "CHR1" 6800001 7300000 7050000.5 25 0.152837201829271
"36" "CHR1" 7000001 7500000 7250000.5 24 0.334017420753421
"37" "CHR1" 7200001 7700000 7450000.5 28 0.343799687829928
"38" "CHR1" 7400001 7900000 7650000.5 37 0.240779099057339
"39" "CHR1" 7600001 8100000 7850000.5 54 0.259654231497991
"40" "CHR1" 7800001 8300000 8050000.5 60 0.28083748316237
"41" "CHR1" 8000001 8500000 8250000.5 41 0.29625345905296
"42" "CHR1" 8200001 8700000 8450000.5 34 0.160116854933296
"43" "CHR1" 8400001 8900000 8650000.5 27 0.200122090034516
"44" "CHR1" 8600001 9100000 8850000.5 47 0.192933496039734
"45" "CHR1" 8800001 9300000 9050000.5 42 0.158083484358732
"46" "CHR1" 9000001 9500000 9250000.5 36 0.130440554571007
"47" "CHR1" 9200001 9700000 9450000.5 47 0.260910682267819
"48" "CHR1" 9400001 9900000 9650000.5 67 0.290132570344163
"49" "CHR1" 9600001 10100000 9850000.5 52 0.335629920063521
"50" "CHR1" 9800001 10300000 10050000.5 42 0.236522736619262
"51" "CHR1" 10000001 10500000 10250000.5 53 0.285950753402953
"52" "CHR1" 10200001 10700000 10450000.5 49 0.298568331425133
"53" "CHR1" 10400001 10900000 10650000.5 40 0.375634703635915
"54" "CHR1" 10600001 11100000 10850000.5 26 0.35753357559028
"55" "CHR1" 10800001 11300000 11050000.5 46 0.319467036208426
"56" "CHR1" 11000001 11500000 11250000.5 55 0.217876820557498
"57" "CHR1" 11200001 11700000 11450000.5 50 0.223582772708349
"58" "CHR1" 11400001 11900000 11650000.5 33 0.260974752413706
"59" "CHR1" 11600001 12100000 11850000.5 22 0.186931367864638
"60" "CHR1" 11800001 12300000 12050000.5 38 0.251243945722297
"61" "CHR1" 12000001 12500000 12250000.5 32 0.308445824977249
"62" "CHR1" 12200001 12700000 12450000.5 18 NA
"63" "CHR1" 12400001 12900000 12650000.5 4 NA
"64" "CHR1" 12600001 13100000 12850000.5 1 NA
"65" "CHR1" 12800001 13300000 13050000.5 0 NA
"66" "CHR1" 13000001 13500000 13250000.5 24 0.32658458206939
"67" "CHR1" 13200001 13700000 13450000.5 49 0.349802480944261
"68" "CHR1" 13400001 13900000 13650000.5 47 0.349316365373284
"69" "CHR1" 13600001 14100000 13850000.5 40 0.405994191339914
"70" "CHR1" 13800001 14300000 14050000.5 39 0.401310186415922
"71" "CHR1" 14000001 14500000 14250000.5 38 0.321308080502031
"72" "CHR1" 14200001 14700000 14450000.5 43 0.253641663699767
"73" "CHR1" 14400001 14900000 14650000.5 46 0.218426707237837
"74" "CHR1" 14600001 15100000 14850000.5 38 0.315415549885822
"75" "CHR1" 14800001 15300000 15050000.5 16 NA
"76" "CHR1" 15000001 15500000 15250000.5 16 NA
"77" "CHR1" 15200001 15700000 15450000.5 21 0.261876952405967
"78" "CHR1" 15400001 15900000 15650000.5 29 0.26814912503908
"79" "CHR1" 15600001 16100000 15850000.5 44 0.206914480843308
"80" "CHR1" 15800001 16300000 16050000.5 54 0.253258931247724
"81" "CHR1" 16000001 16500000 16250000.5 38 0.267577224478347
"82" "CHR1" 16200001 16700000 16450000.5 13 NA
"83" "CHR1" 16400001 16900000 16650000.5 3 NA
"84" "CHR1" 16600001 17100000 16850000.5 5 NA
"85" "CHR1" 16800001 17300000 17050000.5 4 NA
"86" "CHR1" 17000001 17500000 17250000.5 5 NA
"87" "CHR1" 17200001 17700000 17450000.5 8 NA
"88" "CHR1" 17400001 17900000 17650000.5 9 NA
"89" "CHR1" 17600001 18100000 17850000.5 6 NA
"90" "CHR1" 17800001 18300000 18050000.5 21 0.233481561151613
"91" "CHR1" 18000001 18500000 18250000.5 30 0.269622284066558
"92" "CHR1" 18200001 18700000 18450000.5 23 0.205635661175455
"93" "CHR1" 18400001 18900000 18650000.5 35 0.322587420447482
"94" "CHR1" 18600001 19100000 18850000.5 42 0.316574494345507
"95" "CHR1" 18800001 19300000 19050000.5 50 0.16592501961923
"96" "CHR1" 19000001 19500000 19250000.5 43 0.12520539337165
"97" "CHR1" 19200001 19700000 19450000.5 38 0.165363343903049
"98" "CHR1" 19400001 19900000 19650000.5 18 NA
"99" "CHR1" 19600001 20100000 19850000.5 22 0.255284654553881
"100" "CHR1" 19800001 20300000 20050000.5 33 0.328172127211539
"101" "CHR1" 20000001 20500000 20250000.5 37 0.310924160164188
"102" "CHR1" 20200001 20700000 20450000.5 34 0.143238577426732
"103" "CHR1" 20400001 20900000 20650000.5 33 0.201831518502671
"104" "CHR1" 20600001 21100000 20850000.5 28 0.201483656160476
"105" "CHR1" 20800001 21300000 21050000.5 28 0.276961119733322
"106" "CHR1" 21000001 21500000 21250000.5 32 0.271438137401021
"107" "CHR1" 21200001 21700000 21450000.5 48 0.304247664701399
"108" "CHR1" 21400001 21900000 21650000.5 37 0.305904139896658
"109" "CHR1" 21600001 22100000 21850000.5 41 0.279926840941723
"110" "CHR1" 21800001 22300000 22050000.5 49 0.219107772531883
"111" "CHR1" 22000001 22500000 22250000.5 38 0.206533233409222
"112" "CHR1" 22200001 22700000 22450000.5 36 0.0915601839647366
"113" "CHR1" 22400001 22900000 22650000.5 50 0.072756902430317
"114" "CHR1" 22600001 23100000 22850000.5 38 0.027808559817547
"115" "CHR1" 22800001 23300000 23050000.5 39 0.15472529637793
"116" "CHR1" 23000001 23500000 23250000.5 53 0.185864182156474
"117" "CHR1" 23200001 23700000 23450000.5 59 0.261026426284956
"118" "CHR1" 23400001 23900000 23650000.5 44 0.248602658745004
"119" "CHR1" 23600001 24100000 23850000.5 22 0.252442640553245
"120" "CHR1" 23800001 24300000 24050000.5 0 NA
"121" "CHR1" 24000001 24500000 24250000.5 0 NA
"122" "CHR1" 24200001 24700000 24450000.5 7 NA
"123" "CHR1" 24400001 24900000 24650000.5 21 0.194264577596299
"124" "CHR1" 24600001 25100000 24850000.5 39 0.227059048052056
"125" "CHR1" 24800001 25300000 25050000.5 53 0.204349568199709
"126" "CHR1" 25000001 25500000 25250000.5 52 0.210293555937492
"127" "CHR1" 25200001 25700000 25450000.5 46 0.292049830414679
"128" "CHR1" 25400001 25900000 25650000.5 42 0.264317985956118
"129" "CHR1" 25600001 26100000 25850000.5 32 0.265724548138886
"130" "CHR1" 25800001 26300000 26050000.5 17 NA
"131" "CHR1" 26000001 26500000 26250000.5 11 NA
"132" "CHR1" 26200001 26700000 26450000.5 13 NA
"133" "CHR1" 26400001 26900000 26650000.5 21 0.218488788823332
"134" "CHR1" 26600001 27100000 26850000.5 30 0.05942099410598
"135" "CHR1" 26800001 27300000 27050000.5 42 0.00529272775247875
"136" "CHR1" 27000001 27500000 27250000.5 41 0
"137" "CHR1" 27200001 27700000 27450000.5 33 0
"138" "CHR1" 27400001 27900000 27650000.5 33 0
"139" "CHR1" 27600001 28100000 27850000.5 32 0
"140" "CHR1" 27800001 28300000 28050000.5 39 0.0169331973597212
"141" "CHR1" 28000001 28500000 28250000.5 46 0.0147201989220072
"142" "CHR1" 28200001 28700000 28450000.5 47 0.0213522370209194
"143" "CHR1" 28400001 28900000 28650000.5 48 0.0228573893053601
"144" "CHR1" 28600001 29100000 28850000.5 44 0.00653103566004125
"145" "CHR1" 28800001 29300000 29050000.5 42 0.0053789021141266
"146" "CHR1" 29000001 29500000 29250000.5 33 0.00147948245579325
"147" "CHR1" 29200001 29700000 29450000.5 32 0.00191240142690231
"148" "CHR1" 29400001 29900000 29650000.5 41 1.29002092734626e-05
"149" "CHR1" 29600001 30100000 29850000.5 45 0.000862372742501392
"150" "CHR1" 29800001 30300000 30050000.5 42 0
"151" "CHR1" 30000001 30500000 30250000.5 47 0
"152" "CHR1" 30200001 30700000 30450000.5 53 0
"153" "CHR1" 30400001 30900000 30650000.5 50 0
"154" "CHR1" 30600001 31100000 30850000.5 49 0
"155" "CHR1" 30800001 31300000 31050000.5 48 0.00659908340141158
"156" "CHR1" 31000001 31500000 31250000.5 57 0.0130394155677302
"157" "CHR1" 31200001 31700000 31450000.5 59 0.0140634450547476
"158" "CHR1" 31400001 31900000 31650000.5 58 0.00634490850196503
"159" "CHR1" 31600001 32100000 31850000.5 57 0.0118523571078781
"160" "CHR1" 31800001 32300000 32050000.5 51 0.00550930335049117
"161" "CHR1" 32000001 32500000 32250000.5 38 0
"162" "CHR1" 32200001 32700000 32450000.5 22 0.000312426076996299
"163" "CHR1" 32400001 32837379 32618690 13 NA
